100
495.34973 1.24230 1942.77069
1.000 2.44770 450.66085
360.83508 3.73993 511.19747
401.0 2.0 518.594
496.25730 1.20755 1946.58109
1.24062 3.39870 1.98476
1.02199 3.95978 1999.40719
427.0 4.0 1777.0
242.38667 1.63109 801.19065
282.20915 1.67745 1324.95004
490.43080 1.37835 1979.52109
456.00000 2.00000 501.00000
445.00000 4.00000 446.00000
458.54838 2.08981 168.64691
496.05464 1.29288 1925.57850
54.37 1.499 821.3
498.25088 1.29389 1961.02974
330.00000 4.00000 363.00000
332.0 1.0 561.0
498.38214 1.32133 1985.22240
495.88789 1.00647 1949.46803
51.40 3.0 939.7677
417.67420 2.02077 170.01701
351.0 3.0 209.0
33.0 3.0 1508.0
491.45431 1.05541 1926.80806
105.0 3.0 540.0
498.41272 1.23938 1991.18792
114.56224 2.69606 514.79744
178.50439 2.44731 1760.22248
352.5117 1.245 140.0
41.6 4.000 973.471
42.02285 2.71770 58.63747
200.0 1.0 1537.0
474.31 3.81031 1710.273
496.09458 1.09175 1900.27227
495.99289 1.44213 1943.68875
444.00000 2.00000 888.00000
492.73519 1.20283 1983.35609
493.55191 1.33829 1974.87210
494.39763 1.30687 1971.31529
418.00000 2.00000 836.00000
147.0 4.0 533.0
496.42154 1.45109 1965.56550
500.0 4.0 750.0
313.70702 1.78777 450.51200
496.80950 1.31829 1949.27644
491.09381 1.15542 1919.67928
492.98189 1.15233 1873.70573
383.04 2.0 798.14927
345.94313 2.24677 1026.45341
495.44097 1.49262 1916.66903
255.83217 2.23785 1362.79738
39.0 3.0 1226.0
1.01418 3.99180 1999.49767
305.77943 1.76244 1118.91537
496.47088 1.29736 1958.52104
485.785 3.50 1692.7
491.12817 1.44625 1977.18088
66.0 3.0 1905.0
25.206 1.0 111.0
492.90519 1.07660 1926.15606
495.48231 1.42096 1955.93922
498.81479 1.25760 1944.79075
214.93326 1.70545 1945.16242
492.40437 1.17280 1990.72412
1.09647 3.59879 1999.26253
492.91975 1.09593 1979.48691
493.93986 1.25802 1997.01507
43.0 1.00 1284.23
352.64 3.4423 2000.000
55.1 2.79606 1784.1
494.78034 1.40646 1980.43360
490.76838 1.09449 1998.25879
1.00893 3.55092 1999.71594
415.00000 2.00000 830.00000
494.11248 1.34393 1999.94689
214.82691 1.87 1791.34
151.224 3.42 1.0
424.00000 4.00000 457.00000
243.00000 2.00000 486.00000
497.90991 1.04182 1993.75869
211.14304 2.71004 1831.81434
497.22540 1.23401 1943.47654
491.37927 1.13377 1942.14669
498.57513 1.28165 1964.04209
495.52780 1.01602 1922.36176
479.41867 3.73998 699.91485
38.29263 2.45834 1095.42800
61.0 3.0 1800.0
6.17111 1.50436 1974.65941
427.0 3.0 958.0
494.50210 1.38120 1997.18351
15.66745 3.23 146.65467
109.35190 3.79478 846.60161
265.27581 1.43911 1309.75737
90.40909 2.51154 372.17558
126.12 3.0 1031.55
352.0 2.0 1616.0
500.00000 1.602 19.453
