100
513 513 512
245 187 704
852 826 871
73 11 116
601 410 15
4 5 2
614 919 350
3 4 2
630 280 30
304 422 131
830 548 359
660 405 160
45 56 35
4 5 4
513 513 1
512 512 513
3 4 5
735 824 876
3 1 1
58 180 53
773 131 97
112 833 1
939 525 510
389 526 744
1 5 4
1 1 1
904 327 189
879 897 912
675 683 847
864 616 79
312 115 598
233 631 200
103 143 88
56 69 267
982 218 141
4 5 4
513 13 5
22 611 15
5 5 5
450 183 16
687 732 873
846 622 803
250 205 127
376 681 391
315 555 196
3 1 3
512 512 257
44 338 25
596 501 288
687 343 289
506 824 896
353 38 217
915 1000 760
512 512 256
1000 1000 1
590 889 643
513 513 257
164 652 143
1 1 1000
3 3 2
513 513 2
397 692 117
865 580 785
1 5 1
654 896 635
5 1 5
3 4 2
40 42 260
4 4 4
5 4 2
717 9 8
639 345 851
191 733 821
1 5 1
73 273 912
513 513 256
403 234 874
791 572 175
255 961 457
363 595 310
524 938 94
591 638 311
512 512 2
7 8 5
512 512 1
5 5 5
1 4 1
156 93 24
685 894 585
626 391 127
3 2 4
2 3 3
3 2 2
755 515 207
970 198 322
544 164 819
851 698 588
4 3 2
559 339 367
907 443 273
